2018-06-14 16:59:12.599494|2|19|1|19|2|-35|2|19|2|-10|2|19|1|-140|1|19|1|68|1|-10|1|19|2|19|2|-10|1|68|2|19|1|-10
2018-06-14 16:59:15.010654|2|19|2|19|1|19|2|-35|2|19|2|-10|2|19|1|-140|1|19|1|68|1|-10|1|19|2|19|2|-10|1|68|2|19
2018-06-14 16:59:17.921680|2|19|1|19|2|19|2|19|1|19|2|-35|2|19|2|-10|2|19|1|-140|1|19|1|68|1|-10|1|19|2|19|2|-10
2018-06-14 16:59:22.717070|2|-100000|2|-10|2|-85|1|19|2|19|1|19|2|19|2|19|1|19|2|-35|2|19|2|-10|2|19|1|-140|1|19|1|68
2018-06-14 16:59:27.700549|2|-200000|2|-10|2|-100000|2|-10|2|-85|1|19|2|19|1|19|2|19|2|19|1|19|2|-35|2|19|2|-10|2|19|1|-140
2018-06-14 16:59:32.344516|2|-500000|1|19|2|-170|2|-10|2|-200000|2|-10|2|-100000|2|-10|2|-85|1|19|2|19|1|19|2|19|2|19|1|19|2|-35
2018-06-14 16:59:39.206712|1|842661|2|-10|1|19|1|663|2|-500000|1|19|2|-170|2|-10|2|-200000|2|-10|2|-100000|2|-10|2|-85|1|19|2|19|1|19
2018-06-14 16:59:44.633307|1|-10|1|19|2|-35|1|19|1|842661|2|-10|1|19|1|663|2|-500000|1|19|2|-170|2|-10|2|-200000|2|-10|2|-100000|2|-10
2018-06-14 16:59:47.397599|2|19|2|-10|1|-10|1|19|2|-35|1|19|1|842661|2|-10|1|19|1|663|2|-500000|1|19|2|-170|2|-10|2|-200000|2|-10
2018-06-14 16:59:50.472030|2|19|1|19|2|-85|2|19|2|-10|1|-10|1|19|2|-35|1|19|1|842661|2|-10|1|19|1|663|2|-500000|1|19|2|-170
2018-06-14 16:59:54.360165|1|-10|2|-10|1|331|2|19|1|19|2|-85|2|19|2|-10|1|-10|1|19|2|-35|1|19|1|842661|2|-10|1|19|1|663
2018-06-14 16:59:57.170644|1|-10|2|-10|1|-10|2|-10|1|331|2|19|1|19|2|-85|2|19|2|-10|1|-10|1|19|2|-35|1|19|1|842661|2|-10
2018-06-14 16:59:59.496254|2|19|1|68|1|-10|2|-10|1|-10|2|-10|1|331|2|19|1|19|2|-85|2|19|2|-10|1|-10|1|19|2|-35|1|19
2018-06-14 17:00:02.581228|1|-10|1|19|2|19|1|68|1|-10|2|-10|1|-10|2|-10|1|331|2|19|1|19|2|-85|2|19|2|-10|1|-10|1|19
2018-06-14 17:00:06.710888|1|-10|1|19|1|68|1|19|1|-10|1|19|2|19|1|68|1|-10|2|-10|1|-10|2|-10|1|331|2|19|1|19|2|-85
2018-06-14 17:00:09.943402|1|-10|2|-10|1|68|1|-10|1|19|1|68|1|19|1|-10|1|19|2|19|1|68|1|-10|2|-10|1|-10|2|-10|1|331
2018-06-14 17:00:12.382387|2|19|2|-35|1|-10|2|-10|1|68|1|-10|1|19|1|68|1|19|1|-10|1|19|2|19|1|68|1|-10|2|-10|1|-10
2018-06-14 17:00:15.500751|2|19|2|-10|2|19|2|-35|1|-10|2|-10|1|68|1|-10|1|19|1|68|1|19|1|-10|1|19|2|19|1|68|1|-10
2018-06-14 17:00:18.540043|2|19|1|165|2|19|2|-10|2|19|2|-35|1|-10|2|-10|1|68|1|-10|1|19|1|68|1|19|1|-10|1|19|2|19
2018-06-14 17:00:21.551243|1|-10|2|-35|2|-10|2|19|1|165|2|19|2|-10|2|19|2|-35|1|-10|2|-10|1|68|1|-10|1|19|1|68|1|19
2018-06-14 17:00:24.548937|1|-10|2|-10|1|-10|2|-35|2|-10|2|19|1|165|2|19|2|-10|2|19|2|-35|1|-10|2|-10|1|68|1|-10|1|19
2018-06-14 17:00:27.026928|2|19|2|-10|1|-10|2|-10|1|-10|2|-35|2|-10|2|19|1|165|2|19|2|-10|2|19|2|-35|1|-10|2|-10|1|68
2018-06-14 17:00:30.353342|2|19|1|165|2|19|2|-10|1|-10|2|-10|1|-10|2|-35|2|-10|2|19|1|165|2|19|2|-10|2|19|2|-35|1|-10
2018-06-14 17:00:33.705655|1|-10|2|19|1|165|2|19|2|-10|1|-10|2|-10|1|-10|2|-35|2|-10|2|19|1|165|2|19|2|-10|2|19|2|-35
2018-06-14 17:00:36.652867|1|-10|1|68|1|-10|2|19|1|165|2|19|2|-10|1|-10|2|-10|1|-10|2|-35|2|-10|2|19|1|165|2|19|2|-10
2018-06-14 17:00:39.890612|2|19|2|-223|1|68|1|-10|1|68|1|-10|2|19|1|165|2|19|2|-10|1|-10|2|-10|1|-10|2|-35|2|-10|2|19
2018-06-14 17:00:43.310242|2|19|1|19|1|68|2|19|2|-223|1|68|1|-10|1|68|1|-10|2|19|1|165|2|19|2|-10|1|-10|2|-10|1|-10
2018-06-14 17:00:46.012505|1|-10|2|-35|1|19|2|19|1|19|1|68|2|19|2|-223|1|68|1|-10|1|68|1|-10|2|19|1|165|2|19|2|-10
2018-06-14 17:00:49.742453|2|19|1|19|1|-10|2|-35|1|19|2|19|1|19|1|68|2|19|2|-223|1|68|1|-10|1|68|1|-10|2|19|1|165
2018-06-14 17:00:52.640780|2|19|1|19|2|-85|2|19|1|19|1|-10|2|-35|1|19|2|19|1|19|1|68|2|19|2|-223|1|68|1|-10|1|68
2018-06-14 17:00:55.671361|2|19|2|-10|2|19|1|19|2|-85|2|19|1|19|1|-10|2|-35|1|19|2|19|1|19|1|68|2|19|2|-223|1|68
2018-06-14 17:00:59.694001|2|19|1|331|2|19|2|-10|2|19|1|19|2|-85|2|19|1|19|1|-10|2|-35|1|19|2|19|1|19|1|68|2|19
2018-06-14 17:01:02.668869|1|-10|2|-35|1|19|2|19|1|331|2|19|2|-10|2|19|1|19|2|-85|2|19|1|19|1|-10|2|-35|1|19|2|19
2018-06-14 17:01:05.064764|1|-10|1|19|1|-10|2|-35|1|19|2|19|1|331|2|19|2|-10|2|19|1|19|2|-85|2|19|1|19|1|-10|2|-35
2018-06-14 17:01:07.784532|1|-10|2|-10|1|-10|1|19|1|-10|2|-35|1|19|2|19|1|331|2|19|2|-10|2|19|1|19|2|-85|2|19|1|19
2018-06-14 17:01:10.340906|1|-10|1|165|1|-10|2|-10|1|-10|1|19|1|-10|2|-35|1|19|2|19|1|331|2|19|2|-10|2|19|1|19|2|-85
2018-06-14 17:01:15.153659|2|195000|1|68|2|-10|1|-10|1|165|1|-10|2|-10|1|-10|1|19|1|-10|2|-35|1|19|2|19|1|331|2|19|2|-10
2018-06-14 17:01:30.105747|1|-10|2|-10|2|-10|2|19|1|68|1|19|1|19|1|68|2|-10|2|195000|1|68|2|-10|1|-10|1|165|1|-10|2|-10
2018-06-14 17:01:33.074612|1|-10|1|19|2|-35|1|-10|2|-10|2|-10|2|19|1|68|1|19|1|19|1|68|2|-10|2|195000|1|68|2|-10|1|-10
2018-06-14 17:01:35.438247|1|-10|1|-10|1|19|2|-35|1|-10|2|-10|2|-10|2|19|1|68|1|19|1|19|1|68|2|-10|2|195000|1|68|2|-10
2018-06-14 17:01:38.399501|2|19|2|-86|2|-10|1|-10|1|-10|1|19|2|-35|1|-10|2|-10|2|-10|2|19|1|68|1|19|1|19|1|68|2|-10
2018-06-14 17:01:41.577264|1|-10|1|335|2|-10|2|19|2|-86|2|-10|1|-10|1|-10|1|19|2|-35|1|-10|2|-10|2|-10|2|19|1|68|1|19
2018-06-14 17:01:43.928976|1|-10|1|19|1|-10|1|335|2|-10|2|19|2|-86|2|-10|1|-10|1|-10|1|19|2|-35|1|-10|2|-10|2|-10|2|19
2018-06-14 17:01:46.657486|2|19|2|-36|2|-10|1|-10|1|19|1|-10|1|335|2|-10|2|19|2|-86|2|-10|1|-10|1|-10|1|19|2|-35|1|-10
2018-06-14 17:01:49.253303|2|19|1|19|2|19|2|-36|2|-10|1|-10|1|19|1|-10|1|335|2|-10|2|19|2|-86|2|-10|1|-10|1|-10|1|19
2018-06-14 17:02:09.798197|1|-10|2|-10|1|175|2|-10|2|-10|2|-35|2|-10|1|19|1|175|2|19|1|19|2|19|2|-36|2|-10|1|-10|1|19
2018-06-14 17:02:12.738592|1|-10|1|68|1|19|1|-10|2|-10|1|175|2|-10|2|-10|2|-35|2|-10|1|19|1|175|2|19|1|19|2|19|2|-36
2018-06-14 17:02:15.980887|1|-10|2|-10|1|-10|1|68|1|19|1|-10|2|-10|1|175|2|-10|2|-10|2|-35|2|-10|1|19|1|175|2|19|1|19
2018-06-14 17:02:18.442256|1|-10|2|-10|1|68|1|-10|2|-10|1|-10|1|68|1|19|1|-10|2|-10|1|175|2|-10|2|-10|2|-35|2|-10|1|19
2018-06-14 17:02:21.715634|1|-10|1|68|2|-10|1|-10|2|-10|1|68|1|-10|2|-10|1|-10|1|68|1|19|1|-10|2|-10|1|175|2|-10|2|-10
2018-06-14 17:02:27.245126|1|-200000|2|-10|1|-35|2|-10|1|-10|1|68|2|-10|1|-10|2|-10|1|68|1|-10|2|-10|1|-10|1|68|1|19|1|-10
2018-06-14 17:02:32.570920|1|-400000|2|-85|2|-10|1|-200000|2|-10|1|-35|2|-10|1|-10|1|68|2|-10|1|-10|2|-10|1|68|1|-10|2|-10|1|-10
2018-06-14 17:02:37.179453|1|-337564|1|19|1|331|1|19|1|-400000|2|-85|2|-10|1|-200000|2|-10|1|-35|2|-10|1|-10|1|68|2|-10|1|-10|2|-10
